Dynamical matrix file
File generated with the CellConstructor by Lorenzo Monacelli
1 2 0     1.8897259890000000     0.0000000000000000     0.0000000000000000     0.0000000000000000     0.0000000000000000     0.0000000000000000
Basis vectors
   10.0000000000000000     0.0000000000000000     0.0000000000000000
    0.0000000000000000    10.0000000000000000     0.0000000000000000
    0.0000000000000000     0.0000000000000000    10.0000000000000000
	1  'H '    918.7358275894680446
    1     1     0.1104768918465961     0.0000000000000000     0.0000000000000000
    2     1     0.8895231081534040     0.0000000000000000     0.0000000000000000

     Dynamical Matrix in cartesian axes

     q = (     0.000000000000     0.000000000000     0.000000000000 )

    1    1
     2.2667564197885040     0.0000000000000000        0.0000000000000001     0.0000000000000000       -0.0000000000000000     0.0000000000000000
     0.0000000000000001     0.0000000000000000        0.0037693100698494     0.0000000000000000       -0.0000000000000000     0.0000000000000000
    -0.0000000000000000     0.0000000000000000       -0.0000000000000000     0.0000000000000000        0.0037693100698491     0.0000000000000000
    1    2
    -2.2667564197885040     0.0000000000000000       -0.0000000000000000     0.0000000000000000       -0.0000000000000000     0.0000000000000000
     0.0000000000000001     0.0000000000000000       -0.0037693100698491     0.0000000000000000        0.0000000000000000     0.0000000000000000
    -0.0000000000000000     0.0000000000000000       -0.0000000000000000     0.0000000000000000       -0.0037693100698491     0.0000000000000000
    2    1
    -2.2667564197885040     0.0000000000000000        0.0000000000000001     0.0000000000000000       -0.0000000000000000     0.0000000000000000
    -0.0000000000000000     0.0000000000000000       -0.0037693100698491     0.0000000000000000       -0.0000000000000000     0.0000000000000000
    -0.0000000000000000     0.0000000000000000        0.0000000000000000     0.0000000000000000       -0.0037693100698491     0.0000000000000000
    2    2
     2.2667564197885031     0.0000000000000000       -0.0000000000000000     0.0000000000000000       -0.0000000000000000     0.0000000000000000
    -0.0000000000000000     0.0000000000000000        0.0037693100698491     0.0000000000000000        0.0000000000000000     0.0000000000000000
    -0.0000000000000000     0.0000000000000000        0.0000000000000000     0.0000000000000000        0.0037693100698491     0.0000000000000000

     Diagonalizing the dynamical matrix

     q = (     0.000000000000     0.000000000000     0.000000000000 )

***************************************************************************
   freq (    1) =    -0.00000170 [THz] =    -0.00005679 [cm-1]
(   0.563301  0.000000  -0.427424  0.000000  -0.000784  0.000000 )
(   0.563301  0.000000  -0.427424  0.000000  -0.000784  0.000000 )
   freq (    2) =    -0.00000007 [THz] =    -0.00000227 [cm-1]
(   0.002281  0.000000   0.001709  0.000000   0.707101  0.000000 )
(   0.002281  0.000000   0.001709  0.000000   0.707101  0.000000 )
   freq (    3) =     0.00000223 [THz] =     0.00007451 [cm-1]
(  -0.427419  0.000000  -0.563299  0.000000   0.002740  0.000000 )
(  -0.427419  0.000000  -0.563299  0.000000   0.002740  0.000000 )
   freq (    4) =     9.42379604 [THz] =   314.34395509 [cm-1]
(  -0.000000  0.000000  -0.009445  0.000000   0.707044  0.000000 )
(  -0.000000  0.000000   0.009445  0.000000  -0.707044  0.000000 )
   freq (    5) =     9.42379604 [THz] =   314.34395509 [cm-1]
(   0.000000  0.000000   0.707044  0.000000   0.009445  0.000000 )
(   0.000000  0.000000  -0.707044  0.000000  -0.009445  0.000000 )
   freq (    6) =   231.09863116 [THz] =  7708.61947751 [cm-1]
(   0.707107  0.000000  -0.000000  0.000000  -0.000000  0.000000 )
(  -0.707107  0.000000   0.000000  0.000000   0.000000  0.000000 )
***************************************************************************
