Dynamical matrix file
File generated with the CellConstructor by Lorenzo Monacelli
1 2 0     1.8897259890000000     0.0000000000000000     0.0000000000000000     0.0000000000000000     0.0000000000000000     0.0000000000000000
Basis vectors
   10.0000000000000000     0.0000000000000000     0.0000000000000000
    0.0000000000000000    10.0000000000000000     0.0000000000000000
    0.0000000000000000     0.0000000000000000    10.0000000000000000
	1  'H '    918.7358275894680446
    1     1     0.1104768918465961     0.0000000000000000     0.0000000000000000
    2     1     0.8895231081534040     0.0000000000000000     0.0000000000000000

     Dynamical Matrix in cartesian axes

     q = (     0.000000000000     0.000000000000     0.000000000000 )

    1    1
     2.2667564197885040     0.0000000000000000        0.0000000000000000     0.0000000000000000        0.0000000000000000     0.0000000000000000
     0.0000000000000000     0.0000000000000000        0.0037693100698491     0.0000000000000000        0.0000000000000000     0.0000000000000000
     0.0000000000000000     0.0000000000000000        0.0000000000000000     0.0000000000000000        0.0037693100698491     0.0000000000000000
    1    2
    -2.2667564197885040     0.0000000000000000        0.0000000000000000     0.0000000000000000        0.0000000000000000     0.0000000000000000
     0.0000000000000000     0.0000000000000000       -0.0037693100698491     0.0000000000000000        0.0000000000000000     0.0000000000000000
     0.0000000000000000     0.0000000000000000        0.0000000000000000     0.0000000000000000       -0.0037693100698491     0.0000000000000000
    2    1
    -2.2667564197885040     0.0000000000000000        0.0000000000000000     0.0000000000000000        0.0000000000000000     0.0000000000000000
     0.0000000000000000     0.0000000000000000       -0.0037693100698491     0.0000000000000000        0.0000000000000000     0.0000000000000000
     0.0000000000000000     0.0000000000000000        0.0000000000000000     0.0000000000000000       -0.0037693100698491     0.0000000000000000
    2    2
     2.2667564197885040     0.0000000000000000        0.0000000000000000     0.0000000000000000        0.0000000000000000     0.0000000000000000
     0.0000000000000000     0.0000000000000000        0.0037693100698491     0.0000000000000000        0.0000000000000000     0.0000000000000000
     0.0000000000000000     0.0000000000000000        0.0000000000000000     0.0000000000000000        0.0037693100698491     0.0000000000000000

     Diagonalizing the dynamical matrix

     q = (     0.000000000000     0.000000000000     0.000000000000 )

***************************************************************************
   freq (    1) =    -0.00000219 [THz] =    -0.00007305 [cm-1]
(   0.675128  0.000000  -0.210243  0.000000  -0.000417  0.000000 )
(   0.675128  0.000000  -0.210243  0.000000  -0.000417  0.000000 )
   freq (    2) =    -0.00000001 [THz] =    -0.00000021 [cm-1]
(  -0.001381  0.000000  -0.003031  0.000000  -0.707099  0.000000 )
(  -0.001381  0.000000  -0.003031  0.000000  -0.707099  0.000000 )
   freq (    3) =     0.00000139 [THz] =     0.00004650 [cm-1]
(  -0.210239  0.000000  -0.675121  0.000000   0.003305  0.000000 )
(  -0.210239  0.000000  -0.675121  0.000000   0.003305  0.000000 )
   freq (    4) =     9.42379604 [THz] =   314.34395509 [cm-1]
(   0.000000  0.000000   0.000070  0.000000  -0.707107  0.000000 )
(   0.000000  0.000000  -0.000070  0.000000   0.707107  0.000000 )
   freq (    5) =     9.42379604 [THz] =   314.34395509 [cm-1]
(  -0.000000  0.000000  -0.707107  0.000000  -0.000070  0.000000 )
(  -0.000000  0.000000   0.707107  0.000000   0.000070  0.000000 )
   freq (    6) =   231.09863116 [THz] =  7708.61947751 [cm-1]
(   0.707107  0.000000   0.000000  0.000000   0.000000  0.000000 )
(  -0.707107  0.000000   0.000000  0.000000  -0.000000  0.000000 )
***************************************************************************
