Dynamical matrix file
File generated with the CellConstructor by Lorenzo Monacelli
1 2 0     1.8897259890000000     0.0000000000000000     0.0000000000000000     0.0000000000000000     0.0000000000000000     0.0000000000000000
Basis vectors
   10.0000000000000000     0.0000000000000000     0.0000000000000000
    0.0000000000000000    10.0000000000000000     0.0000000000000000
    0.0000000000000000     0.0000000000000000    10.0000000000000000
	1  'H '    918.7358275894680446
    1     1     0.1164039504267450     0.0000000000000000     0.0000000000000000
    2     1     0.8835960495732550     0.0000000000000000     0.0000000000000000

     Dynamical Matrix in cartesian axes

     q = (     0.000000000000     0.000000000000     0.000000000000 )

    1    1
     1.6202887763660283     0.0000000000000000        0.0000000000000000     0.0000000000000000        0.0000000000000000     0.0000000000000000
     0.0000000000000000     0.0000000000000000        0.0492247474471903     0.0000000000000000        0.0000000000000000     0.0000000000000000
     0.0000000000000000     0.0000000000000000        0.0000000000000000     0.0000000000000000        0.0492247474471903     0.0000000000000000
    1    2
    -1.6202887763660283     0.0000000000000000        0.0000000000000000     0.0000000000000000        0.0000000000000000     0.0000000000000000
     0.0000000000000000     0.0000000000000000       -0.0492247474471903     0.0000000000000000        0.0000000000000000     0.0000000000000000
     0.0000000000000000     0.0000000000000000        0.0000000000000000     0.0000000000000000       -0.0492247474471903     0.0000000000000000
    2    1
    -1.6202887763660283     0.0000000000000000        0.0000000000000000     0.0000000000000000        0.0000000000000000     0.0000000000000000
     0.0000000000000000     0.0000000000000000       -0.0492247474471903     0.0000000000000000        0.0000000000000000     0.0000000000000000
     0.0000000000000000     0.0000000000000000        0.0000000000000000     0.0000000000000000       -0.0492247474471903     0.0000000000000000
    2    2
     1.6202887763660283     0.0000000000000000        0.0000000000000000     0.0000000000000000        0.0000000000000000     0.0000000000000000
     0.0000000000000000     0.0000000000000000        0.0492247474471903     0.0000000000000000        0.0000000000000000     0.0000000000000000
     0.0000000000000000     0.0000000000000000        0.0000000000000000     0.0000000000000000        0.0492247474471903     0.0000000000000000

     Diagonalizing the dynamical matrix

     q = (     0.000000000000     0.000000000000     0.000000000000 )

***************************************************************************
   freq (    1) =    -0.00000069 [THz] =    -0.00002296 [cm-1]
(   0.095484  0.000000  -0.700581  0.000000  -0.008296  0.000000 )
(   0.095484  0.000000  -0.700581  0.000000  -0.008296  0.000000 )
   freq (    2) =    -0.00000029 [THz] =    -0.00000960 [cm-1]
(   0.001295  0.000000  -0.008196  0.000000   0.707058  0.000000 )
(   0.001295  0.000000  -0.008196  0.000000   0.707058  0.000000 )
   freq (    3) =     0.00000164 [THz] =     0.00005454 [cm-1]
(  -0.700629  0.000000  -0.095492  0.000000   0.000176  0.000000 )
(  -0.700629  0.000000  -0.095492  0.000000   0.000176  0.000000 )
   freq (    4) =    34.05545556 [THz] =  1135.96755946 [cm-1]
(   0.000000  0.000000   0.687192  0.000000  -0.166635  0.000000 )
(   0.000000  0.000000  -0.687192  0.000000   0.166635  0.000000 )
   freq (    5) =    34.05545556 [THz] =  1135.96755946 [cm-1]
(  -0.000000  0.000000  -0.166635  0.000000  -0.687192  0.000000 )
(  -0.000000  0.000000   0.166635  0.000000   0.687192  0.000000 )
   freq (    6) =   195.38497233 [THz] =  6517.34021868 [cm-1]
(   0.707107  0.000000   0.000000  0.000000   0.000000  0.000000 )
(  -0.707107  0.000000   0.000000  0.000000   0.000000  0.000000 )
***************************************************************************
