Dynamical matrix file
File generated with the CellConstructor by Lorenzo Monacelli
1 2 0     1.8897259890000000     0.0000000000000000     0.0000000000000000     0.0000000000000000     0.0000000000000000     0.0000000000000000
Basis vectors
   10.0000000000000000     0.0000000000000000     0.0000000000000000
    0.0000000000000000    10.0000000000000000     0.0000000000000000
    0.0000000000000000     0.0000000000000000    10.0000000000000000
	1  'H '    918.7358275894680446
    1     1     0.1161774579652487     0.0000000000000000     0.0000000000000000
    2     1     0.8838225420347509     0.0000000000000000     0.0000000000000000

     Dynamical Matrix in cartesian axes

     q = (     0.000000000000     0.000000000000     0.000000000000 )

    1    1
     1.5986642140836054     0.0000000000000000        0.0000000000000000     0.0000000000000000        0.0000000000000000     0.0000000000000000
     0.0000000000000000     0.0000000000000000        0.0486606997072990     0.0000000000000000        0.0000000000000000     0.0000000000000000
     0.0000000000000000     0.0000000000000000        0.0000000000000000     0.0000000000000000        0.0486606997072990     0.0000000000000000
    1    2
    -1.5986642140836054     0.0000000000000000        0.0000000000000000     0.0000000000000000        0.0000000000000000     0.0000000000000000
     0.0000000000000000     0.0000000000000000       -0.0486606997072990     0.0000000000000000        0.0000000000000000     0.0000000000000000
     0.0000000000000000     0.0000000000000000        0.0000000000000000     0.0000000000000000       -0.0486606997072990     0.0000000000000000
    2    1
    -1.5986642140836054     0.0000000000000000        0.0000000000000000     0.0000000000000000        0.0000000000000000     0.0000000000000000
     0.0000000000000000     0.0000000000000000       -0.0486606997072990     0.0000000000000000        0.0000000000000000     0.0000000000000000
     0.0000000000000000     0.0000000000000000        0.0000000000000000     0.0000000000000000       -0.0486606997072990     0.0000000000000000
    2    2
     1.5986642140836054     0.0000000000000000        0.0000000000000000     0.0000000000000000        0.0000000000000000     0.0000000000000000
     0.0000000000000000     0.0000000000000000        0.0486606997072990     0.0000000000000000        0.0000000000000000     0.0000000000000000
     0.0000000000000000     0.0000000000000000        0.0000000000000000     0.0000000000000000        0.0486606997072990     0.0000000000000000

     Raman tensor (A^2)

     atom #     1    pol.  1
      3.000000000000e-01       0.000000000000e+00       0.000000000000e+00
      0.000000000000e+00       0.000000000000e+00       0.000000000000e+00
      0.000000000000e+00       0.000000000000e+00       0.000000000000e+00
     atom #     1    pol.  2
      0.000000000000e+00       0.000000000000e+00       0.000000000000e+00
      0.000000000000e+00       0.000000000000e+00       0.000000000000e+00
      0.000000000000e+00       0.000000000000e+00       0.000000000000e+00
     atom #     1    pol.  3
      0.000000000000e+00       0.000000000000e+00       0.000000000000e+00
      0.000000000000e+00       0.000000000000e+00       0.000000000000e+00
      0.000000000000e+00       0.000000000000e+00       0.000000000000e+00
     atom #     2    pol.  1
     -3.000000000000e-01       0.000000000000e+00       0.000000000000e+00
      0.000000000000e+00       0.000000000000e+00       0.000000000000e+00
      0.000000000000e+00       0.000000000000e+00       0.000000000000e+00
     atom #     2    pol.  2
      0.000000000000e+00       0.000000000000e+00       0.000000000000e+00
      0.000000000000e+00       0.000000000000e+00       0.000000000000e+00
      0.000000000000e+00       0.000000000000e+00       0.000000000000e+00
     atom #     2    pol.  3
      0.000000000000e+00       0.000000000000e+00       0.000000000000e+00
      0.000000000000e+00       0.000000000000e+00       0.000000000000e+00
      0.000000000000e+00       0.000000000000e+00       0.000000000000e+00

     Diagonalizing the dynamical matrix

     q = (     0.000000000000     0.000000000000     0.000000000000 )

***************************************************************************
   freq (    1) =    -0.00000047 [THz] =    -0.00001565 [cm-1]
(   0.000000  0.000000  -0.700244  0.000000   0.098280  0.000000 )
(   0.000000  0.000000  -0.700244  0.000000   0.098280  0.000000 )
   freq (    2) =     0.00000000 [THz] =     0.00000000 [cm-1]
(  -0.707107  0.000000   0.000000  0.000000   0.000000  0.000000 )
(  -0.707107  0.000000   0.000000  0.000000   0.000000  0.000000 )
   freq (    3) =     0.00000021 [THz] =     0.00000714 [cm-1]
(   0.000000  0.000000   0.098280  0.000000   0.700244  0.000000 )
(   0.000000  0.000000   0.098280  0.000000   0.700244  0.000000 )
   freq (    4) =    33.85977911 [THz] =  1129.44049676 [cm-1]
(   0.000000  0.000000  -0.116248  0.000000   0.697486  0.000000 )
(   0.000000  0.000000   0.116248  0.000000  -0.697486  0.000000 )
   freq (    5) =    33.85977911 [THz] =  1129.44049676 [cm-1]
(   0.000000  0.000000  -0.697486  0.000000  -0.116248  0.000000 )
(   0.000000  0.000000   0.697486  0.000000   0.116248  0.000000 )
   freq (    6) =   194.07677757 [THz] =  6473.70354467 [cm-1]
(  -0.707107  0.000000   0.000000  0.000000   0.000000  0.000000 )
(   0.707107  0.000000   0.000000  0.000000   0.000000  0.000000 )
***************************************************************************
